date,name,population,cases,cumulative_cases,deaths,cumulative_deaths,tests,cumulative_tests
2020-02-01,California,40129160,25,25,0,0,305,305
2020-02-02,California,40129160,9,34,0,0,36,341
2020-02-03,California,40129160,7,41,0,0,29,370
2020-02-04,California,40129160,3,44,0,0,32,402
2020-02-05,California,40129160,3,47,0,0,45,447
2020-02-06,California,40129160,6,53,1,1,12,459
2020-02-07,California,40129160,31,84,0,1,453,912
2020-02-08,California,40129160,7,91,0,1,59,971
2020-02-09,California,40129160,5,96,0,1,21,992
2020-02-10,California,40129160,6,102,0,1,16,1008
2020-02-11,California,40129160,4,106,0,1,40,1048
2020-02-12,California,40129160,3,109,0,1,3,1051
2020-02-13,California,40129160,2,111,0,1,10,1061
2020-02-14,California,40129160,9,120,0,1,21,1082
2020-02-15,California,40129160,12,132,0,1,43,1125
2020-02-16,California,40129160,7,139,0,1,64,1189
2020-02-17,California,40129160,13,152,1,2,85,1274
2020-02-18,California,40129160,10,162,0,2,17,1291
2020-02-19,California,40129160,12,174,0,2,10,1301
2020-02-20,California,40129160,20,194,0,2,26,1327
2020-02-21,California,40129160,20,214,1,3,19,1346
2020-02-22,California,40129160,17,231,0,3,27,1373
2020-02-23,California,40129160,19,250,0,3,37,1410
2020-02-24,California,40129160,39,289,0,3,20,1430
2020-02-25,California,40129160,25,314,0,3,12,1442
2020-02-26,California,40129160,39,353,0,3,24,1466
2020-02-27,California,40129160,26,379,0,3,78,1544
2020-02-28,California,40129160,49,428,0,3,121,1665
2020-02-29,California,40129160,41,469,0,3,89,1754
2020-03-01,California,40129160,99,568,0,3,79,1833
2020-03-02,California,40129160,76,644,0,3,177,2010
2020-03-03,California,40129160,85,729,0,3,142,2152
2020-03-04,California,40129160,95,824,1,4,237,2389
2020-03-05,California,40129160,111,935,0,4,367,2756
2020-03-06,California,40129160,159,1094,1,5,411,3167
2020-03-07,California,40129160,164,1258,0,5,506,3673
2020-03-08,California,40129160,181,1439,0,5,321,3994
2020-03-09,California,40129160,332,1771,3,8,1029,5023
2020-03-10,California,40129160,359,2130,0,8,1186,6209
2020-03-11,California,40129160,428,2558,1,9,1859,8068
2020-03-12,California,40129160,517,3075,0,9,3457,11525
2020-03-13,California,40129160,584,3659,1,10,4466,15991
2020-03-14,California,40129160,515,4174,1,11,2782,18773
2020-03-15,California,40129160,602,4776,2,13,2765,21538
2020-03-16,California,40129160,881,5657,5,18,7761,29299
2020-03-17,California,40129160,839,6496,6,24,8943,38242
2020-03-18,California,40129160,779,7275,0,24,8925,47167
2020-03-19,California,40129160,787,8062,7,31,9025,56192
2020-03-20,California,40129160,964,9026,7,38,10034,66226
2020-03-21,California,40129160,694,9720,10,48,5084,71310
2020-03-22,California,40129160,766,10486,14,62,4641,75951
2020-03-23,California,40129160,1041,11527,18,80,12580,88531
2020-03-24,California,40129160,850,12377,18,98,11936,100467
2020-03-25,California,40129160,1045,13422,20,118,11725,112192
2020-03-26,California,40129160,972,14394,15,133,11778,123970
2020-03-27,California,40129160,1003,15397,22,155,12569,136539
2020-03-28,California,40129160,937,16334,26,181,7997,144536
2020-03-29,California,40129160,823,17157,25,206,5241,149777
2020-03-30,California,40129160,1385,18542,29,235,13957,163734
2020-03-31,California,40129160,1262,19804,42,277,13743,177477
2020-04-01,California,40129160,1508,21312,41,318,14972,192449
2020-04-02,California,40129160,1367,22679,56,374,15104,207553
2020-04-03,California,40129160,1512,24191,53,427,15304,222857
2020-04-04,California,40129160,1127,25318,38,465,8008,230865
2020-04-05,California,40129160,1141,26459,57,522,6073,236938
2020-04-06,California,40129160,1356,27815,36,558,13684,250622
2020-04-07,California,40129160,1418,29233,62,620,15231,265853
2020-04-08,California,40129160,1465,30698,64,684,15976,281829
2020-04-09,California,40129160,1398,32096,59,743,17869,299698
2020-04-10,California,40129160,1472,33568,62,805,18146,317844
2020-04-11,California,40129160,1052,34620,54,859,9202,327046
2020-04-12,California,40129160,1001,35621,68,927,5745,332791
2020-04-13,California,40129160,1520,37141,79,1006,15315,348106
2020-04-14,California,40129160,1497,38638,89,1095,16716,364822
2020-04-15,California,40129160,1661,40299,68,1163,19901,384723
2020-04-16,California,40129160,1675,41974,99,1262,19677,404400
2020-04-17,California,40129160,1606,43580,74,1336,20728,425128
2020-04-18,California,40129160,1207,44787,69,1405,12984,438112
2020-04-19,California,40129160,1083,45870,67,1472,8664,446776
2020-04-20,California,40129160,1923,47793,87,1559,22150,468926
2020-04-21,California,40129160,1671,49464,72,1631,25253,494179
2020-04-22,California,40129160,1766,51230,85,1716,24098,518277
2020-04-23,California,40129160,1843,53073,89,1805,25484,543761
2020-04-24,California,40129160,2008,55081,80,1885,29675,573436
2020-04-25,California,40129160,1618,56699,67,1952,19948,593384
2020-04-26,California,40129160,1270,57969,71,2023,11504,604888
2020-04-27,California,40129160,2250,60219,67,2090,34817,639705
2020-04-28,California,40129160,2102,62321,93,2183,35608,675313
2020-04-29,California,40129160,2035,64356,77,2260,35910,711223
2020-04-30,California,40129160,1937,66293,79,2339,40964,752187
2020-05-01,California,40129160,2231,68524,74,2413,45055,797242
2020-05-02,California,40129160,1388,69912,98,2511,26642,823884
2020-05-03,California,40129160,1151,71063,70,2581,15582,839466
2020-05-04,California,40129160,2399,73462,76,2657,45271,884737
2020-05-05,California,40129160,2580,76042,67,2724,48218,932955
2020-05-06,California,40129160,2347,78389,98,2822,56357,989312
2020-05-07,California,40129160,2141,80530,84,2906,53500,1042812
2020-05-08,California,40129160,2268,82798,84,2990,53257,1096069
2020-05-09,California,40129160,1584,84382,87,3077,27466,1123535
2020-05-10,California,40129160,1327,85709,74,3151,14869,1138404
2020-05-11,California,40129160,2440,88149,67,3218,51509,1189913
2020-05-12,California,40129160,2475,90624,84,3302,59433,1249346
2020-05-13,California,40129160,2302,92926,75,3377,57180,1306526
2020-05-14,California,40129160,2664,95590,75,3452,57961,1364487
2020-05-15,California,40129160,2512,98102,75,3527,62965,1427452
2020-05-16,California,40129160,1731,99833,91,3618,34575,1462027
2020-05-17,California,40129160,1328,101161,73,3691,17473,1479500
2020-05-18,California,40129160,2798,103959,90,3781,64862,1544362
2020-05-19,California,40129160,2412,106371,74,3855,66038,1610400
2020-05-20,California,40129160,2719,109090,72,3927,64877,1675277
2020-05-21,California,40129160,2440,111530,59,3986,63409,1738686
2020-05-22,California,40129160,2523,114053,80,4066,67655,1806341
2020-05-23,California,40129160,1756,115809,71,4137,36512,1842853
2020-05-24,California,40129160,1406,117215,77,4214,19726,1862579
2020-05-25,California,40129160,2229,119444,59,4273,18628,1881207
2020-05-26,California,40129160,3594,123038,81,4354,77822,1959029
2020-05-27,California,40129160,3516,126554,81,4435,74024,2033053
2020-05-28,California,40129160,3179,129733,70,4505,69924,2102977
2020-05-29,California,40129160,3781,133514,61,4566,76902,2179879
2020-05-30,California,40129160,2228,135742,66,4632,40971,2220850
2020-05-31,California,40129160,1589,137331,67,4699,21383,2242233
2020-06-01,California,40129160,3677,141008,78,4777,67647,2309880
2020-06-02,California,40129160,3903,144911,65,4842,71813,2381693
2020-06-03,California,40129160,3413,148324,86,4928,70608,2452301
2020-06-04,California,40129160,3579,151903,74,5002,74092,2526393
2020-06-05,California,40129160,3694,155597,65,5067,81875,2608268
2020-06-06,California,40129160,2704,158301,65,5132,46380,2654648
2020-06-07,California,40129160,2033,160334,67,5199,24236,2678884
2020-06-08,California,40129160,4202,164536,80,5279,85786,2764670
2020-06-09,California,40129160,3997,168533,76,5355,91070,2855740
2020-06-10,California,40129160,4256,172789,62,5417,89305,2945045
2020-06-11,California,40129160,4054,176843,60,5477,89638,3034683
2020-06-12,California,40129160,4473,181316,70,5547,91402,3126085
2020-06-13,California,40129160,3647,184963,74,5621,45221,3171306
2020-06-14,California,40129160,3002,187965,65,5686,26219,3197525
2020-06-15,California,40129160,6429,194394,68,5754,94473,3291998
2020-06-16,California,40129160,6464,200858,60,5814,99617,3391615
2020-06-17,California,40129160,6751,207609,69,5883,99552,3491167
2020-06-18,California,40129160,6764,214373,67,5950,101097,3592264
2020-06-19,California,40129160,6920,221293,81,6031,101228,3693492
2020-06-20,California,40129160,5359,226652,79,6110,50676,3744168
2020-06-21,California,40129160,4350,231002,73,6183,27844,3772012
2020-06-22,California,40129160,9409,240411,73,6256,108224,3880236
2020-06-23,California,40129160,9700,250111,67,6323,121112,4001348
2020-06-24,California,40129160,9864,259975,92,6415,123611,4124959
2020-06-25,California,40129160,9424,269399,70,6485,128535,4253494
2020-06-26,California,40129160,9118,278517,83,6568,125022,4378516
2020-06-27,California,40129160,6269,284786,65,6633,64482,4442998
2020-06-28,California,40129160,5473,290259,95,6728,37007,4480005
2020-06-29,California,40129160,10525,300784,96,6824,123315,4603320
2020-06-30,California,40129160,10530,311314,96,6920,132311,4735631
2020-07-01,California,40129160,11247,322561,86,7006,137008,4872639
2020-07-02,California,40129160,10630,333191,108,7114,146151,5018790
2020-07-03,California,40129160,7994,341185,93,7207,81358,5100148
2020-07-04,California,40129160,5385,346570,86,7293,27400,5127548
2020-07-05,California,40129160,6229,352799,96,7389,39346,5166894
2020-07-06,California,40129160,11797,364596,118,7507,137933,5304827
2020-07-07,California,40129160,12535,377131,103,7610,155596,5460423
2020-07-08,California,40129160,12207,389338,107,7717,159766,5620189
2020-07-09,California,40129160,11176,400514,94,7811,155275,5775464
2020-07-10,California,40129160,11431,411945,114,7925,152123,5927587
2020-07-11,California,40129160,7576,419521,118,8043,79777,6007364
2020-07-12,California,40129160,5895,425416,108,8151,44525,6051889
2020-07-13,California,40129160,11659,437075,144,8295,156884,6208773
2020-07-14,California,40129160,11568,448643,133,8428,162643,6371416
2020-07-15,California,40129160,11606,460249,134,8562,162848,6534264
2020-07-16,California,40129160,11068,471317,129,8691,161443,6695707
2020-07-17,California,40129160,10694,482011,123,8814,150096,6845803
2020-07-18,California,40129160,7329,489340,129,8943,81970,6927773
2020-07-19,California,40129160,5481,494821,127,9070,50618,6978391
2020-07-20,California,40129160,11063,505884,147,9217,160276,7138667
2020-07-21,California,40129160,10112,515996,139,9356,165287,7303954
2020-07-22,California,40129160,9371,525367,145,9501,150891,7454845
2020-07-23,California,40129160,8500,533867,140,9641,137550,7592395
2020-07-24,California,40129160,8282,542149,139,9780,121449,7713844
2020-07-25,California,40129160,5798,547947,175,9955,66791,7780635
2020-07-26,California,40129160,4152,552099,143,10098,39323,7819958
2020-07-27,California,40129160,9086,561185,149,10247,156379,7976337
2020-07-28,California,40129160,8800,569985,129,10376,158658,8134995
2020-07-29,California,40129160,7813,577798,158,10534,150186,8285181
2020-07-30,California,40129160,7240,585038,147,10681,142092,8427273
2020-07-31,California,40129160,7212,592250,147,10828,138841,8566114
2020-08-01,California,40129160,5389,597639,138,10966,73117,8639231
2020-08-02,California,40129160,3572,601211,136,11102,40656,8679887
2020-08-03,California,40129160,7555,608766,178,11280,144637,8824524
2020-08-04,California,40129160,7218,615984,161,11441,156459,8980983
2020-08-05,California,40129160,6705,622689,149,11590,145070,9126053
2020-08-06,California,40129160,6256,628945,118,11708,135901,9261954
2020-08-07,California,40129160,6444,635389,135,11843,128392,9390346
2020-08-08,California,40129160,4296,639685,134,11977,62192,9452538
2020-08-09,California,40129160,3177,642862,128,12105,36477,9489015
2020-08-10,California,40129160,7081,649943,141,12246,135296,9624311
2020-08-11,California,40129160,6208,656151,156,12402,139039,9763350
2020-08-12,California,40129160,5952,662103,111,12513,144181,9907531
2020-08-13,California,40129160,5157,667260,120,12633,126148,10033679
2020-08-14,California,40129160,5207,672467,122,12755,119187,10152866
2020-08-15,California,40129160,3669,676136,127,12882,61159,10214025
2020-08-16,California,40129160,2682,678818,131,13013,33809,10247834
2020-08-17,California,40129160,5771,684589,117,13130,129167,10377001
2020-08-18,California,40129160,5265,689854,122,13252,128499,10505500
2020-08-19,California,40129160,4681,694535,137,13389,128205,10633705
2020-08-20,California,40129160,4672,699207,108,13497,113781,10747486
2020-08-21,California,40129160,4399,703606,119,13616,112741,10860227
2020-08-22,California,40129160,3115,706721,119,13735,57036,10917263
2020-08-23,California,40129160,2572,709293,106,13841,33376,10950639
2020-08-24,California,40129160,5458,714751,108,13949,125021,11075660
2020-08-25,California,40129160,4922,719673,108,14057,127409,11203069
2020-08-26,California,40129160,4604,724277,98,14155,130994,11334063
2020-08-27,California,40129160,3980,728257,117,14272,112033,11446096
2020-08-28,California,40129160,3931,732188,87,14359,109336,11555432
2020-08-29,California,40129160,2630,734818,118,14477,56751,11612183
2020-08-30,California,40129160,2255,737073,110,14587,33681,11645864
2020-08-31,California,40129160,4347,741420,87,14674,126539,11772403
2020-09-01,California,40129160,4595,746015,100,14774,131374,11903777
2020-09-02,California,40129160,4038,750053,82,14856,131183,12034960
2020-09-03,California,40129160,3675,753728,81,14937,114322,12149282
2020-09-04,California,40129160,3457,757185,87,15024,111155,12260437
2020-09-05,California,40129160,2269,759454,86,15110,47202,12307639
2020-09-06,California,40129160,1977,761431,81,15191,33584,12341223
2020-09-07,California,40129160,2336,763767,73,15264,35482,12376705
2020-09-08,California,40129160,4255,768022,81,15345,157389,12534094
2020-09-09,California,40129160,3614,771636,85,15430,139470,12673564
2020-09-10,California,40129160,3228,774864,73,15503,125398,12798962
2020-09-11,California,40129160,3370,778234,77,15580,121391,12920353
2020-09-12,California,40129160,2341,780575,75,15655,56338,12976691
2020-09-13,California,40129160,2039,782614,70,15725,33957,13010648
2020-09-14,California,40129160,4181,786795,78,15803,132813,13143461
2020-09-15,California,40129160,3759,790554,85,15888,144801,13288262
2020-09-16,California,40129160,3800,794354,62,15950,136545,13424807
2020-09-17,California,40129160,3304,797658,73,16023,129429,13554236
2020-09-18,California,40129160,3453,801111,57,16080,124176,13678412
2020-09-19,California,40129160,2486,803597,72,16152,59947,13738359
2020-09-20,California,40129160,2165,805762,71,16223,36790,13775149
2020-09-21,California,40129160,4084,809846,57,16280,144762,13919911
2020-09-22,California,40129160,3699,813545,68,16348,152703,14072614
2020-09-23,California,40129160,3769,817314,66,16414,148313,14220927
2020-09-24,California,40129160,3349,820663,71,16485,134281,14355208
2020-09-25,California,40129160,3492,824155,56,16541,125035,14480243
2020-09-26,California,40129160,2364,826519,75,16616,63072,14543315
2020-09-27,California,40129160,2071,828590,58,16674,41777,14585092
2020-09-28,California,40129160,4067,832657,55,16729,143762,14728854
2020-09-29,California,40129160,3794,836451,54,16783,152763,14881617
2020-09-30,California,40129160,3722,840173,40,16823,149663,15031280
2020-10-01,California,40129160,3713,843886,58,16881,135115,15166395
2020-10-02,California,40129160,3348,847234,58,16939,140660,15307055
2020-10-03,California,40129160,2665,849899,49,16988,71490,15378545
2020-10-04,California,40129160,2225,852124,69,17057,44532,15423077
2020-10-05,California,40129160,4307,856431,56,17113,171385,15594462
2020-10-06,California,40129160,3740,860171,50,17163,180482,15774944
2020-10-07,California,40129160,3723,863894,56,17219,171516,15946460
2020-10-08,California,40129160,3772,867666,55,17274,159385,16105845
2020-10-09,California,40129160,3554,871220,49,17323,149689,16255534
2020-10-10,California,40129160,3011,874231,51,17374,69875,16325409
2020-10-11,California,40129160,2223,876454,47,17421,44938,16370347
2020-10-12,California,40129160,4329,880783,42,17463,166174,16536521
2020-10-13,California,40129160,3850,884633,49,17512,181450,16717971
2020-10-14,California,40129160,3822,888455,45,17557,173945,16891916
2020-10-15,California,40129160,3911,892366,41,17598,159725,17051641
2020-10-16,California,40129160,3817,896183,42,17640,153533,17205174
2020-10-17,California,40129160,2960,899143,35,17675,72169,17277343
2020-10-18,California,40129160,2549,901692,35,17710,47271,17324614
2020-10-19,California,40129160,5032,906724,55,17765,186648,17511262
2020-10-20,California,40129160,4657,911381,44,17809,188478,17699740
2020-10-21,California,40129160,4424,915805,42,17851,177493,17877233
2020-10-22,California,40129160,4175,919980,42,17893,164061,18041294
2020-10-23,California,40129160,4561,924541,52,17945,153502,18194796
2020-10-24,California,40129160,3254,927795,47,17992,73166,18267962
2020-10-25,California,40129160,2904,930699,46,18038,47399,18315361
2020-10-26,California,40129160,5480,936179,41,18079,188135,18503496
2020-10-27,California,40129160,4835,941014,52,18131,192337,18695833
2020-10-28,California,40129160,4913,945927,40,18171,185811,18881644
2020-10-29,California,40129160,4867,950794,56,18227,173635,19055279
2020-10-30,California,40129160,5533,956327,38,18265,161015,19216294
2020-10-31,California,40129160,4459,960786,50,18315,75592,19291886
2020-11-01,California,40129160,4981,965767,59,18374,60381,19352267
2020-11-02,California,40129160,8467,974234,58,18432,210328,19562595
2020-11-03,California,40129160,8267,982501,37,18469,208804,19771399
2020-11-04,California,40129160,8460,990961,49,18518,210090,19981489
2020-11-05,California,40129160,8147,999108,40,18558,196633,20178122
2020-11-06,California,40129160,8526,1007634,55,18613,189153,20367275
2020-11-07,California,40129160,6422,1014056,46,18659,94113,20461388
2020-11-08,California,40129160,5533,1019589,56,18715,66324,20527712
2020-11-09,California,40129160,11112,1030701,44,18759,233478,20761190
2020-11-10,California,40129160,10919,1041620,59,18818,236187,20997377
2020-11-11,California,40129160,10629,1052249,58,18876,200046,21197423
2020-11-12,California,40129160,11568,1063817,74,18950,236674,21434097
2020-11-13,California,40129160,12469,1076286,81,19031,223860,21657957
2020-11-14,California,40129160,9907,1086193,73,19104,119177,21777134
2020-11-15,California,40129160,9143,1095336,80,19184,84799,21861933
2020-11-16,California,40129160,17657,1112993,92,19276,277050,22138983
2020-11-17,California,40129160,17123,1130116,102,19378,298718,22437701
2020-11-18,California,40129160,17238,1147354,76,19454,295245,22732946
2020-11-19,California,40129160,16697,1164051,111,19565,293306,23026252
2020-11-20,California,40129160,17439,1181490,80,19645,280676,23306928
2020-11-21,California,40129160,12337,1193827,96,19741,160852,23467780
2020-11-22,California,40129160,10254,1204081,106,19847,116000,23583780
2020-11-23,California,40129160,21106,1225187,101,19948,345962,23929742
2020-11-24,California,40129160,20642,1245829,111,20059,328615,24258357
2020-11-25,California,40129160,20761,1266590,130,20189,270682,24529039
2020-11-26,California,40129160,9242,1275832,110,20299,38207,24567246
2020-11-27,California,40129160,18149,1293981,120,20419,149745,24716991
2020-11-28,California,40129160,18194,1312175,161,20580,155237,24872228
2020-11-29,California,40129160,16117,1328292,130,20710,114098,24986326
2020-11-30,California,40129160,32711,1361003,161,20871,372629,25358955
2020-12-01,California,40129160,34505,1395508,163,21034,379500,25738455
2020-12-02,California,40129160,33604,1429112,175,21209,354393,26092848
2020-12-03,California,40129160,32013,1461125,219,21428,349401,26442249
2020-12-04,California,40129160,32036,1493161,199,21627,331404,26773653
2020-12-05,California,40129160,24525,1517686,239,21866,181013,26954666
2020-12-06,California,40129160,18476,1536162,236,22102,121643,27076309
2020-12-07,California,40129160,41225,1577387,265,22367,395871,27472180
2020-12-08,California,40129160,41492,1618879,230,22597,387154,27859334
2020-12-09,California,40129160,41784,1660663,254,22851,371702,28231036
2020-12-10,California,40129160,40951,1701614,315,23166,353851,28584887
2020-12-11,California,40129160,40164,1741778,300,23466,332089,28916976
2020-12-12,California,40129160,30851,1772629,284,23750,192819,29109795
2020-12-13,California,40129160,21089,1793718,340,24090,130622,29240417
2020-12-14,California,40129160,49503,1843221,359,24449,413493,29653910
2020-12-15,California,40129160,48526,1891747,383,24832,409571,30063481
2020-12-16,California,40129160,45977,1937724,375,25207,398079,30461560
2020-12-17,California,40129160,44714,1982438,396,25603,397786,30859346
2020-12-18,California,40129160,41831,2024269,466,26069,362241,31221587
2020-12-19,California,40129160,29912,2054181,466,26535,210317,31431904
2020-12-20,California,40129160,21115,2075296,447,26982,145580,31577484
2020-12-21,California,40129160,48550,2123846,494,27476,448281,32025765
2020-12-22,California,40129160,49039,2172885,539,28015,425165,32450930
2020-12-23,California,40129160,45374,2218259,505,28520,385887,32836817
2020-12-24,California,40129160,26978,2245237,555,29075,180098,33016915
2020-12-25,California,40129160,13482,2258719,575,29650,39873,33056788
2020-12-26,California,40129160,34788,2293507,598,30248,195713,33252501
2020-12-27,California,40129160,26550,2320057,585,30833,143223,33395724
2020-12-28,California,40129160,58090,2378147,626,31459,425459,33821183
2020-12-29,California,40129160,58577,2436724,592,32051,426437,34247620
2020-12-30,California,40129160,53975,2490699,626,32677,398207,34645827
2020-12-31,California,40129160,35646,2526345,648,33325,236034,34881861
2021-01-01,California,40129160,19848,2546193,662,33987,59602,34941463
2021-01-02,California,40129160,37403,2583596,642,34629,219451,35160914
2021-01-03,California,40129160,27240,2610836,676,35305,159424,35320338
2021-01-04,California,40129160,60490,2671326,702,36007,479516,35799854
2021-01-05,California,40129160,54816,2726142,709,36716,462773,36262627
2021-01-06,California,40129160,50422,2776564,694,37410,430200,36692827
2021-01-07,California,40129160,44961,2821525,708,38118,414605,37107432
2021-01-08,California,40129160,40993,2862518,681,38799,369007,37476439
2021-01-09,California,40129160,28564,2891082,687,39486,209372,37685811
2021-01-10,California,40129160,19141,2910223,682,40168,145560,37831371
2021-01-11,California,40129160,41956,2952179,707,40875,461716,38293087
2021-01-12,California,40129160,38591,2990770,718,41593,422327,38715414
2021-01-13,California,40129160,34623,3025393,631,42224,394567,39109981
2021-01-14,California,40129160,31787,3057180,656,42880,385047,39495028
2021-01-15,California,40129160,28980,3086160,710,43590,336119,39831147
2021-01-16,California,40129160,19962,3106122,625,44215,174861,40006008
2021-01-17,California,40129160,13631,3119753,643,44858,118403,40124411
2021-01-18,California,40129160,23571,3143324,604,45462,300328,40424739
2021-01-19,California,40129160,27315,3170639,594,46056,401977,40826716
2021-01-20,California,40129160,25140,3195779,608,46664,355051,41181767
2021-01-21,California,40129160,22024,3217803,569,47233,352138,41533905
2021-01-22,California,40129160,19683,3237486,552,47785,306276,41840181
2021-01-23,California,40129160,13448,3250934,502,48287,140289,41980470
2021-01-24,California,40129160,10375,3261309,459,48746,107713,42088183
2021-01-25,California,40129160,20117,3281426,516,49262,352615,42440798
2021-01-26,California,40129160,17775,3299201,499,49761,324830,42765628
2021-01-27,California,40129160,15746,3314947,462,50223,287108,43052736
2021-01-28,California,40129160,14579,3329526,468,50691,286081,43338817
2021-01-29,California,40129160,12761,3342287,458,51149,250006,43588823
2021-01-30,California,40129160,10070,3352357,438,51587,129854,43718677
2021-01-31,California,40129160,7962,3360319,416,52003,101967,43820644
2021-02-01,California,40129160,15268,3375587,482,52485,352482,44173126
2021-02-02,California,40129160,12640,3388227,401,52886,317509,44490635
2021-02-03,California,40129160,11530,3399757,386,53272,296691,44787326
2021-02-04,California,40129160,10161,3409918,369,53641,290504,45077830
2021-02-05,California,40129160,9451,3419369,405,54046,255241,45333071
2021-02-06,California,40129160,6674,3426043,314,54360,119701,45452772
2021-02-07,California,40129160,5149,3431192,317,54677,92515,45545287
2021-02-08,California,40129160,9447,3440639,336,55013,326511,45871798
2021-02-09,California,40129160,7731,3448370,320,55333,298625,46170423
2021-02-10,California,40129160,7504,3455874,326,55659,268510,46438933
2021-02-11,California,40129160,6600,3462474,331,55990,254520,46693453
2021-02-12,California,40129160,6190,3468664,295,56285,204621,46898074
2021-02-13,California,40129160,4447,3473111,250,56535,95899,46993973
2021-02-14,California,40129160,3528,3476639,243,56778,67646,47061619
2021-02-15,California,40129160,5248,3481887,244,57022,198079,47259698
2021-02-16,California,40129160,5629,3487516,243,57265,291667,47551365
2021-02-17,California,40129160,5075,3492591,237,57502,247119,47798484
2021-02-18,California,40129160,4400,3496991,228,57730,233386,48031870
2021-02-19,California,40129160,4175,3501166,245,57975,202615,48234485
2021-02-20,California,40129160,3101,3504267,196,58171,92727,48327212
2021-02-21,California,40129160,2627,3506894,190,58361,79837,48407049
2021-02-22,California,40129160,4624,3511518,192,58553,273492,48680541
2021-02-23,California,40129160,4018,3515536,166,58719,255766,48936307
2021-02-24,California,40129160,3876,3519412,167,58886,238791,49175098
2021-02-25,California,40129160,3453,3522865,160,59046,215306,49390404
2021-02-26,California,40129160,3359,3526224,156,59202,189528,49579932
2021-02-27,California,40129160,2523,3528747,163,59365,86501,49666433
2021-02-28,California,40129160,2185,3530932,159,59524,75536,49741969
2021-03-01,California,40129160,3752,3534684,126,59650,276348,50018317
2021-03-02,California,40129160,3261,3537945,132,59782,247060,50265377
2021-03-03,California,40129160,3199,3541144,119,59901,223712,50489089
2021-03-04,California,40129160,2934,3544078,119,60020,206471,50695560
2021-03-05,California,40129160,2941,3547019,109,60129,180215,50875775
2021-03-06,California,40129160,2197,3549216,104,60233,79106,50954881
2021-03-07,California,40129160,1949,3551165,88,60321,73741,51028622
2021-03-08,California,40129160,3333,3554498,99,60420,270259,51298881
2021-03-09,California,40129160,2830,3557328,94,60514,240977,51539858
2021-03-10,California,40129160,2758,3560086,90,60604,218440,51758298
2021-03-11,California,40129160,2595,3562681,85,60689,198157,51956455
2021-03-12,California,40129160,2500,3565181,86,60775,176748,52133203
2021-03-13,California,40129160,1896,3567077,77,60852,78568,52211771
2021-03-14,California,40129160,1606,3568683,62,60914,62187,52273958
2021-03-15,California,40129160,2877,3571560,58,60972,265892,52539850
2021-03-16,California,40129160,2512,3574072,72,61044,242539,52782389
2021-03-17,California,40129160,2636,3576708,82,61126,228012,53010401
2021-03-18,California,40129160,2217,3578925,79,61205,193345,53203746
2021-03-19,California,40129160,2180,3581105,56,61261,178097,53381843
2021-03-20,California,40129160,1713,3582818,78,61339,77980,53459823
2021-03-21,California,40129160,1601,3584419,51,61390,63362,53523185
2021-03-22,California,40129160,2703,3587122,53,61443,271731,53794916
2021-03-23,California,40129160,2505,3589627,39,61482,235059,54029975
2021-03-24,California,40129160,2677,3592304,57,61539,222967,54252942
2021-03-25,California,40129160,2290,3594594,58,61597,199961,54452903
2021-03-26,California,40129160,2268,3596862,56,61653,166343,54619246
2021-03-27,California,40129160,1669,3598531,49,61702,75609,54694855
2021-03-28,California,40129160,1604,3600135,30,61732,65123,54759978
2021-03-29,California,40129160,2710,3602845,44,61776,266334,55026312
2021-03-30,California,40129160,2429,3605274,39,61815,234005,55260317
2021-03-31,California,40129160,2381,3607655,49,61864,192872,55453189
2021-04-01,California,40129160,2337,3609992,40,61904,186360,55639549
2021-04-02,California,40129160,2233,3612225,34,61938,156662,55796211
2021-04-03,California,40129160,1703,3613928,29,61967,75083,55871294
2021-04-04,California,40129160,1552,3615480,39,62006,51283,55922577
2021-04-05,California,40129160,2878,3618358,40,62046,280149,56202726
2021-04-06,California,40129160,2549,3620907,22,62068,245025,56447751
2021-04-07,California,40129160,2617,3623524,38,62106,228769,56676520
2021-04-08,California,40129160,2277,3625801,37,62143,204064,56880584
2021-04-09,California,40129160,2273,3628074,38,62181,184470,57065054
2021-04-10,California,40129160,1817,3629891,37,62218,82059,57147113
2021-04-11,California,40129160,1565,3631456,32,62250,69626,57216739
2021-04-12,California,40129160,2714,3634170,32,62282,309811,57526550
2021-04-13,California,40129160,2417,3636587,31,62313,261243,57787793
2021-04-14,California,40129160,2386,3638973,39,62352,247896,58035689
2021-04-15,California,40129160,2113,3641086,30,62382,224520,58260209
2021-04-16,California,40129160,2052,3643138,26,62408,203326,58463535
2021-04-17,California,40129160,1554,3644692,28,62436,93580,58557115
2021-04-18,California,40129160,1428,3646120,28,62464,72060,58629175
2021-04-19,California,40129160,2436,3648556,35,62499,302369,58931544
2021-04-20,California,40129160,2126,3650682,25,62524,265263,59196807
2021-04-21,California,40129160,1994,3652676,34,62558,249938,59446745
2021-04-22,California,40129160,1840,3654516,20,62578,221982,59668727
2021-04-23,California,40129160,1818,3656334,24,62602,198634,59867361
2021-04-24,California,40129160,1371,3657705,25,62627,85632,59952993
2021-04-25,California,40129160,1217,3658922,25,62652,71922,60024915
2021-04-26,California,40129160,2103,3661025,26,62678,299912,60324827
2021-04-27,California,40129160,1873,3662898,30,62708,260993,60585820
2021-04-28,California,40129160,1822,3664720,16,62724,240569,60826389
2021-04-29,California,40129160,1660,3666380,25,62749,212444,61038833
2021-04-30,California,40129160,1645,3668025,18,62767,184453,61223286
2021-05-01,California,40129160,1276,3669301,19,62786,73957,61297243
2021-05-02,California,40129160,1103,3670404,19,62805,58838,61356081
2021-05-03,California,40129160,1966,3672370,25,62830,286392,61642473
2021-05-04,California,40129160,1597,3673967,23,62853,253417,61895890
2021-05-05,California,40129160,1696,3675663,21,62874,233285,62129175
2021-05-06,California,40129160,1523,3677186,30,62904,213984,62343159
2021-05-07,California,40129160,1440,3678626,25,62929,181038,62524197
2021-05-08,California,40129160,1049,3679675,19,62948,72160,62596357
2021-05-09,California,40129160,940,3680615,24,62972,54355,62650712
2021-05-10,California,40129160,1633,3682248,11,62983,286939,62937651
2021-05-11,California,40129160,1465,3683713,29,63012,253397,63191048
2021-05-12,California,40129160,1352,3685065,33,63045,236562,63427610
2021-05-13,California,40129160,1198,3686263,26,63071,208058,63635668
2021-05-14,California,40129160,1179,3687442,19,63090,177452,63813120
2021-05-15,California,40129160,901,3688343,17,63107,68610,63881730
2021-05-16,California,40129160,813,3689156,15,63122,57572,63939302
2021-05-17,California,40129160,1340,3690496,16,63138,275624,64214926
2021-05-18,California,40129160,1231,3691727,17,63155,241044,64455970
2021-05-19,California,40129160,1190,3692917,28,63183,226455,64682425
2021-05-20,California,40129160,999,3693916,20,63203,200836,64883261
2021-05-21,California,40129160,948,3694864,17,63220,173777,65057038
2021-05-22,California,40129160,710,3695574,13,63233,64954,65121992
2021-05-23,California,40129160,662,3696236,22,63255,55632,65177624
2021-05-24,California,40129160,1206,3697442,24,63279,254547,65432171
2021-05-25,California,40129160,1041,3698483,15,63294,229842,65662013
2021-05-26,California,40129160,983,3699466,18,63312,203362,65865375
2021-05-27,California,40129160,922,3700388,19,63331,180374,66045749
2021-05-28,California,40129160,862,3701250,12,63343,153799,66199548
2021-05-29,California,40129160,603,3701853,24,63367,59252,66258800
2021-05-30,California,40129160,585,3702438,10,63377,51998,66310798
2021-05-31,California,40129160,595,3703033,15,63392,60603,66371401
2021-06-01,California,40129160,1210,3704243,13,63405,280992,66652393
2021-06-02,California,40129160,1043,3705286,18,63423,218973,66871366
2021-06-03,California,40129160,996,3706282,12,63435,189222,67060588
2021-06-04,California,40129160,852,3707134,14,63449,176656,67237244
2021-06-05,California,40129160,643,3707777,12,63461,74599,67311843
2021-06-06,California,40129160,610,3708387,13,63474,58456,67370299
2021-06-07,California,40129160,1043,3709430,12,63486,212182,67582481
2021-06-08,California,40129160,1052,3710482,13,63499,185298,67767779
2021-06-09,California,40129160,927,3711409,7,63506,157161,67924940
2021-06-10,California,40129160,876,3712285,15,63521,159294,68084234
2021-06-11,California,40129160,853,3713138,11,63532,141543,68225777
2021-06-12,California,40129160,677,3713815,10,63542,64372,68290149
2021-06-13,California,40129160,701,3714516,12,63554,54324,68344473
2021-06-14,California,40129160,1154,3715670,14,63568,167495,68511968
2021-06-15,California,40129160,1048,3716718,14,63582,149858,68661826
2021-06-16,California,40129160,1062,3717780,10,63592,137595,68799421
2021-06-17,California,40129160,1026,3718806,11,63603,124860,68924281
2021-06-18,California,40129160,930,3719736,11,63614,121006,69045287
2021-06-19,California,40129160,754,3720490,8,63622,62307,69107594
2021-06-20,California,40129160,800,3721290,7,63629,49057,69156651
2021-06-21,California,40129160,1401,3722691,11,63640,162888,69319539
2021-06-22,California,40129160,1308,3723999,13,63653,148965,69468504
2021-06-23,California,40129160,1232,3725231,7,63660,139458,69607962
2021-06-24,California,40129160,1397,3726628,11,63671,125095,69733057
2021-06-25,California,40129160,1308,3727936,11,63682,120724,69853781
2021-06-26,California,40129160,1075,3729011,17,63699,62459,69916240
2021-06-27,California,40129160,1171,3730182,10,63709,51599,69967839
2021-06-28,California,40129160,1932,3732114,14,63723,161334,70129173
2021-06-29,California,40129160,1880,3733994,12,63735,152943,70282116
2021-06-30,California,40129160,2028,3736022,18,63753,144357,70426473
2021-07-01,California,40129160,2160,3738182,14,63767,132912,70559385
2021-07-02,California,40129160,2017,3740199,14,63781,109601,70668986
2021-07-03,California,40129160,1681,3741880,12,63793,64224,70733210
2021-07-04,California,40129160,1555,3743435,6,63799,27981,70761191
2021-07-05,California,40129160,2791,3746226,14,63813,79674,70840865
2021-07-06,California,40129160,3609,3749835,14,63827,184818,71025683
2021-07-07,California,40129160,3757,3753592,16,63843,153860,71179543
2021-07-08,California,40129160,3568,3757160,15,63858,140456,71319999
2021-07-09,California,40129160,3600,3760760,20,63878,132682,71452681
2021-07-10,California,40129160,3131,3763891,18,63896,64530,71517211
2021-07-11,California,40129160,3131,3767022,16,63912,51345,71568556
2021-07-12,California,40129160,5369,3772391,18,63930,163401,71731957
2021-07-13,California,40129160,5399,3777790,20,63950,157025,71888982
2021-07-14,California,40129160,5560,3783350,14,63964,158787,72047769
2021-07-15,California,40129160,5863,3789213,20,63984,151163,72198932
2021-07-16,California,40129160,5976,3795189,19,64003,151128,72350060
2021-07-17,California,40129160,4674,3799863,24,64027,76718,72426778
2021-07-18,California,40129160,4809,3804672,12,64039,61251,72488029
2021-07-19,California,40129160,8397,3813069,27,64066,195670,72683699
2021-07-20,California,40129160,8363,3821432,30,64096,194172,72877871
2021-07-21,California,40129160,8783,3830215,24,64120,191985,73069856
2021-07-22,California,40129160,8333,3838548,34,64154,183100,73252956
2021-07-23,California,40129160,8136,3846684,40,64194,177625,73430581
2021-07-24,California,40129160,6770,3853454,24,64218,92601,73523182
2021-07-25,California,40129160,6432,3859886,31,64249,71446,73594628
2021-07-26,California,40129160,11729,3871615,27,64276,224915,73819543
2021-07-27,California,40129160,11255,3882870,36,64312,218561,74038104
2021-07-28,California,40129160,11797,3894667,35,64347,219564,74257668
2021-07-29,California,40129160,11723,3906390,40,64387,218895,74476563
2021-07-30,California,40129160,11093,3917483,32,64419,216763,74693326
2021-07-31,California,40129160,8495,3925978,53,64472,114500,74807826
2021-08-01,California,40129160,8531,3934509,39,64511,86936,74894762
2021-08-02,California,40129160,14108,3948617,59,64570,282283,75177045
2021-08-03,California,40129160,14323,3962940,58,64628,285402,75462447
2021-08-04,California,40129160,14089,3977029,54,64682,295014,75757461
2021-08-05,California,40129160,13935,3990964,54,64736,302220,76059681
2021-08-06,California,40129160,12880,4003844,61,64797,283983,76343664
2021-08-07,California,40129160,9701,4013545,61,64858,144417,76488081
2021-08-08,California,40129160,8720,4022265,72,64930,96971,76585052
2021-08-09,California,40129160,16285,4038550,75,65005,371428,76956480
2021-08-10,California,40129160,16193,4054743,77,65082,347323,77303803
2021-08-11,California,40129160,15497,4070240,78,65160,369385,77673188
2021-08-12,California,40129160,14578,4084818,90,65250,349691,78022879
2021-08-13,California,40129160,13741,4098559,121,65371,323421,78346300
2021-08-14,California,40129160,9582,4108141,92,65463,167097,78513397
2021-08-15,California,40129160,8187,4116328,78,65541,104406,78617803
2021-08-16,California,40129160,16099,4132427,121,65662,418671,79036474
2021-08-17,California,40129160,15498,4147925,119,65781,411109,79447583
2021-08-18,California,40129160,15034,4162959,105,65886,429207,79876790
2021-08-19,California,40129160,13890,4176849,113,65999,411140,80287930
2021-08-20,California,40129160,13408,4190257,107,66106,392647,80680577
2021-08-21,California,40129160,8878,4199135,118,66224,159688,80840265
2021-08-22,California,40129160,7553,4206688,108,66332,104938,80945203
2021-08-23,California,40129160,15316,4222004,116,66448,468052,81413255
2021-08-24,California,40129160,14049,4236053,129,66577,444350,81857605
2021-08-25,California,40129160,13549,4249602,129,66706,473100,82330705
2021-08-26,California,40129160,12373,4261975,138,66844,449758,82780463
2021-08-27,California,40129160,11243,4273218,129,66973,402124,83182587
2021-08-28,California,40129160,7809,4281027,148,67121,154048,83336635
2021-08-29,California,40129160,6586,4287613,118,67239,105269,83441904
2021-08-30,California,40129160,13270,4300883,125,67364,507006,83948910
2021-08-31,California,40129160,12256,4313139,140,67504,477160,84426070
2021-09-01,California,40129160,12924,4326063,133,67637,488891,84914961
2021-09-02,California,40129160,10991,4337054,156,67793,462084,85377045
2021-09-03,California,40129160,9969,4347023,146,67939,298206,85675251
2021-09-04,California,40129160,6796,4353819,118,68057,142518,85817769
2021-09-05,California,40129160,5370,4359189,151,68208,101576,85919345
2021-09-06,California,40129160,6658,4365847,141,68349,132525,86051870
2021-09-07,California,40129160,12401,4378248,135,68484,480271,86532141
2021-09-08,California,40129160,11304,4389552,137,68621,520626,87052767
2021-09-09,California,40129160,10172,4399724,143,68764,476535,87529302
2021-09-10,California,40129160,9307,4409031,152,68916,415296,87944598
2021-09-11,California,40129160,6249,4415280,129,69045,148648,88093246
2021-09-12,California,40129160,5371,4420651,120,69165,106072,88199318
2021-09-13,California,40129160,10420,4431071,143,69308,505531,88704849
2021-09-14,California,40129160,9473,4440544,119,69427,478075,89182924
2021-09-15,California,40129160,8850,4449394,131,69558,478176,89661100
2021-09-16,California,40129160,7872,4457266,131,69689,330067,89991167
2021-09-17,California,40129160,7318,4464584,130,69819,394956,90386123
2021-09-18,California,40129160,4906,4469490,131,69950,137997,90524120
2021-09-19,California,40129160,4145,4473635,99,70049,106258,90630378
2021-09-20,California,40129160,8852,4482487,123,70172,476146,91106524
2021-09-21,California,40129160,7541,4490028,102,70274,454899,91561423
2021-09-22,California,40129160,7395,4497423,133,70407,450058,92011481
2021-09-23,California,40129160,6478,4503901,128,70535,433089,92444570
2021-09-24,California,40129160,6174,4510075,114,70649,365756,92810326
2021-09-25,California,40129160,4243,4514318,126,70775,121510,92931836
2021-09-26,California,40129160,3762,4518080,100,70875,92629,93024465
2021-09-27,California,40129160,7645,4525725,104,70979,469299,93493764
2021-09-28,California,40129160,6777,4532502,107,71086,436019,93929783
2021-09-29,California,40129160,6213,4538715,110,71196,439346,94369129
2021-09-30,California,40129160,5803,4544518,92,71288,410470,94779599
2021-10-01,California,40129160,5774,4550292,98,71386,348926,95128525
2021-10-02,California,40129160,3695,4553987,123,71509,109615,95238140
2021-10-03,California,40129160,3420,4557407,87,71596,88202,95326342
2021-10-04,California,40129160,6784,4564191,86,71682,454226,95780568
2021-10-05,California,40129160,6250,4570441,106,71788,406404,96186972
2021-10-06,California,40129160,6011,4576452,114,71902,414717,96601689
2021-10-07,California,40129160,5308,4581760,102,72004,388882,96990571
2021-10-08,California,40129160,5161,4586921,85,72089,344989,97335560
2021-10-09,California,40129160,3511,4590432,77,72166,103855,97439415
2021-10-10,California,40129160,3307,4593739,82,72248,84777,97524192
2021-10-11,California,40129160,5836,4599575,74,72322,415269,97939461
2021-10-12,California,40129160,5814,4605389,72,72394,426353,98365814
2021-10-13,California,40129160,5639,4611028,68,72462,410584,98776398
2021-10-14,California,40129160,5313,4616341,73,72535,397371,99173769
2021-10-15,California,40129160,5312,4621653,68,72603,345044,99518813
2021-10-16,California,40129160,3649,4625302,79,72682,104100,99622913
2021-10-17,California,40129160,3600,4628902,77,72759,84225,99707138
2021-10-18,California,40129160,7072,4635974,71,72830,446095,100153233
2021-10-19,California,40129160,6373,4642347,70,72900,418248,100571481
2021-10-20,California,40129160,6261,4648608,69,72969,425666,100997147
2021-10-21,California,40129160,5944,4654552,109,73078,401436,101398583
2021-10-22,California,40129160,5988,4660540,80,73158,338864,101737447
2021-10-23,California,40129160,4087,4664627,73,73231,103892,101841339
2021-10-24,California,40129160,3591,4668218,68,73299,73298,101914637
2021-10-25,California,40129160,7228,4675446,67,73366,411436,102326073
2021-10-26,California,40129160,6790,4682236,71,73437,420604,102746677
2021-10-27,California,40129160,6587,4688823,69,73506,419938,103166615
2021-10-28,California,40129160,6070,4694893,77,73583,394493,103561108
2021-10-29,California,40129160,5640,4700533,73,73656,318092,103879200
2021-10-30,California,40129160,3966,4704499,81,73737,101762,103980962
2021-10-31,California,40129160,3516,4708015,67,73804,75345,104056307
2021-11-01,California,40129160,7425,4715440,78,73882,431047,104487354
2021-11-02,California,40129160,6547,4721987,75,73957,416585,104903939
2021-11-03,California,40129160,6422,4728409,75,74032,430056,105333995
2021-11-04,California,40129160,6032,4734441,69,74101,401460,105735455
2021-11-05,California,40129160,5549,4739990,73,74174,354654,106090109
2021-11-06,California,40129160,3688,4743678,80,74254,106009,106196118
2021-11-07,California,40129160,3477,4747155,92,74346,195843,106391961
2021-11-08,California,40129160,6668,4753823,76,74422,447625,106839586
2021-11-09,California,40129160,5884,4759707,89,74511,453697,107293283
2021-11-10,California,40129160,5647,4765354,72,74583,351641,107644924
2021-11-11,California,40129160,4331,4769685,86,74669,291850,107936774
2021-11-12,California,40129160,5110,4774795,77,74746,258407,108195181
2021-11-13,California,40129160,3469,4778264,68,74814,100561,108295742
2021-11-14,California,40129160,3259,4781523,77,74891,182680,108478422
2021-11-15,California,40129160,6433,4787956,85,74976,426726,108905148
2021-11-16,California,40129160,5423,4793379,63,75039,444427,109349575
2021-11-17,California,40129160,5186,4798565,84,75123,415419,109764994
2021-11-18,California,40129160,4704,4803269,70,75193,366865,110131859
2021-11-19,California,40129160,4641,4807910,85,75278,239624,110371483
2021-11-20,California,40129160,3304,4811214,65,75343,102070,110473553
2021-11-21,California,40129160,2983,4814197,78,75421,91669,110565222
2021-11-22,California,40129160,5266,4819463,75,75496,293803,110859025
2021-11-23,California,40129160,4867,4824330,80,75576,252311,111111336
2021-11-24,California,40129160,4692,4829022,64,75640,189863,111301199
2021-11-25,California,40129160,2321,4831343,59,75699,30835,111332034
2021-11-26,California,40129160,4380,4835723,64,75763,124036,111456070
2021-11-27,California,40129160,4269,4839992,57,75820,111757,111567827
2021-11-28,California,40129160,4468,4844460,53,75873,200814,111768641
2021-11-29,California,40129160,8373,4852833,77,75950,503267,112271908
2021-11-30,California,40129160,7176,4860009,63,76013,467645,112739553
2021-12-01,California,40129160,7588,4867597,70,76083,434424,113173977
2021-12-02,California,40129160,6384,4873981,70,76153,393787,113567764
2021-12-03,California,40129160,6228,4880209,68,76221,265387,113833151
2021-12-04,California,40129160,4213,4884422,76,76297,117099,113950250
2021-12-05,California,40129160,3926,4888348,65,76362,191790,114142040
2021-12-06,California,40129160,7508,4895856,52,76414,445803,114587843
2021-12-07,California,40129160,6631,4902487,71,76485,461768,115049611
2021-12-08,California,40129160,6584,4909071,59,76544,429471,115479082
2021-12-09,California,40129160,5858,4914929,65,76609,379312,115858394
2021-12-10,California,40129160,5858,4920787,57,76666,258973,116117367
2021-12-11,California,40129160,4245,4925032,64,76730,115399,116232766
2021-12-12,California,40129160,4430,4929462,59,76789,156289,116389055
2021-12-13,California,40129160,9011,4938473,69,76858,404713,116793768
2021-12-14,California,40129160,8456,4946929,70,76928,387029,117180797
2021-12-15,California,40129160,10253,4957182,72,77000,431545,117612342
2021-12-16,California,40129160,10335,4967517,82,77082,394719,118007061
2021-12-17,California,40129160,11204,4978721,68,77150,345398,118352459
2021-12-18,California,40129160,9821,4988542,65,77215,143977,118496436
2021-12-19,California,40129160,10883,4999425,76,77291,120233,118616669
2021-12-20,California,40129160,23362,5022787,70,77361,356138,118972807
2021-12-21,California,40129160,27375,5050162,68,77429,367281,119340088
2021-12-22,California,40129160,31971,5082133,61,77490,386224,119726312
2021-12-23,California,40129160,32695,5114828,75,77565,350812,120077124
2021-12-24,California,40129160,22446,5137274,72,77637,163143,120240267
2021-12-25,California,40129160,15059,5152333,69,77706,51277,120291544
2021-12-26,California,40129160,36259,5188592,64,77770,188873,120480417
2021-12-27,California,40129160,76154,5264746,87,77857,469930,120950347
2021-12-28,California,40129160,89500,5354246,59,77916,519354,121469701
2021-12-29,California,40129160,88835,5443081,80,77996,516160,121985861
2021-12-30,California,40129160,86218,5529299,70,78066,501916,122487777
2021-12-31,California,40129160,54768,5584067,86,78152,284180,122771957
2022-01-01,California,40129160,33131,5617198,97,78249,105787,122877744
2022-01-02,California,40129160,56915,5674113,85,78334,273069,123150813
2022-01-03,California,40129160,140392,5814505,114,78448,788932,123939745
2022-01-04,California,40129160,157292,5971797,108,78556,850886,124790631
2022-01-05,California,40129160,155602,6127399,141,78697,821173,125611804
2022-01-06,California,40129160,143924,6271323,134,78831,817784,126429588
2022-01-07,California,40129160,135310,6406633,130,78961,764875,127194463
2022-01-08,California,40129160,77247,6483880,149,79110,366033,127560496
2022-01-09,California,40129160,56273,6540153,127,79237,255627,127816123
2022-01-10,California,40129160,141937,6682090,157,79394,835407,128651530
2022-01-11,California,40129160,135495,6817585,176,79570,836385,129487915
2022-01-12,California,40129160,127018,6944603,200,79770,793314,130281229
2022-01-13,California,40129160,114763,7059366,195,79965,769351,131050580
2022-01-14,California,40129160,104462,7163828,193,80158,687118,131737698
2022-01-15,California,40129160,58669,7222497,221,80379,282963,132020661
2022-01-16,California,40129160,40426,7262923,228,80607,201148,132221809
2022-01-17,California,40129160,81703,7344626,219,80826,464647,132686456
2022-01-18,California,40129160,119986,7464612,239,81065,872567,133559023
2022-01-19,California,40129160,101215,7565827,262,81327,736222,134295245
2022-01-20,California,40129160,90084,7655911,252,81579,699086,134994331
2022-01-21,California,40129160,77365,7733276,269,81848,613223,135607554
2022-01-22,California,40129160,39951,7773227,255,82103,235779,135843333
2022-01-23,California,40129160,28405,7801632,274,82377,168844,136012177
2022-01-24,California,40129160,70786,7872418,227,82604,696541,136708718
2022-01-25,California,40129160,60174,7932592,265,82869,628896,137337614
2022-01-26,California,40129160,52083,7984675,258,83127,587922,137925536
2022-01-27,California,40129160,44414,8029089,275,83402,553192,138478728
2022-01-28,California,40129160,38841,8067930,264,83666,487904,138966632
2022-01-29,California,40129160,20874,8088804,287,83953,171825,139138457
2022-01-30,California,40129160,15517,8104321,283,84236,130208,139268665
2022-01-31,California,40129160,38612,8142933,275,84511,615801,139884466
2022-02-01,California,40129160,32659,8175592,291,84802,522552,140407018
2022-02-02,California,40129160,27312,8202904,272,85074,491918,140898936
2022-02-03,California,40129160,23863,8226767,243,85317,491063,141389999
2022-02-04,California,40129160,21673,8248440,281,85598,411562,141801561
2022-02-05,California,40129160,11689,8260129,244,85842,127231,141928792
2022-02-06,California,40129160,9829,8269958,218,86060,103158,142031950
2022-02-07,California,40129160,22340,8292298,229,86289,544136,142576086
2022-02-08,California,40129160,17902,8310200,250,86539,468250,143044336
2022-02-09,California,40129160,16176,8326376,235,86774,441949,143486285
2022-02-10,California,40129160,14037,8340413,200,86974,437708,143923993
2022-02-11,California,40129160,12634,8353047,210,87184,346558,144270551
2022-02-12,California,40129160,7015,8360062,182,87366,105328,144375879
2022-02-13,California,40129160,5512,8365574,180,87546,83253,144459132
2022-02-14,California,40129160,12583,8378157,174,87720,460304,144919436
2022-02-15,California,40129160,10663,8388820,146,87866,431913,145351349
2022-02-16,California,40129160,9279,8398099,157,88023,404431,145755780
2022-02-17,California,40129160,8042,8406141,175,88198,395417,146151197
2022-02-18,California,40129160,6998,8413139,146,88344,304263,146455460
2022-02-19,California,40129160,4193,8417332,110,88454,86204,146541664
2022-02-20,California,40129160,3601,8420933,143,88597,73356,146615020
2022-02-21,California,40129160,5301,8426234,127,88724,175615,146790635
2022-02-22,California,40129160,7048,8433282,120,88844,480808,147271443
2022-02-23,California,40129160,5545,8438827,121,88965,387227,147658670
2022-02-24,California,40129160,5109,8443936,89,89054,370157,148028827
2022-02-25,California,40129160,4734,8448670,111,89165,316007,148344834
2022-02-26,California,40129160,2663,8451333,90,89255,83115,148427949
2022-02-27,California,40129160,2387,8453720,79,89334,74052,148502001
2022-02-28,California,40129160,5167,8458887,86,89420,408979,148910980
2022-03-01,California,40129160,4631,8463518,89,89509,363521,149274501
2022-03-02,California,40129160,3927,8467445,67,89576,339879,149614380
2022-03-03,California,40129160,3544,8470989,88,89664,335547,149949927
2022-03-04,California,40129160,3103,8474092,61,89725,278622,150228549
2022-03-05,California,40129160,2112,8476204,68,89793,73662,150302211
2022-03-06,California,40129160,1818,8478022,64,89857,65534,150367745
2022-03-07,California,40129160,3856,8481878,63,89920,380182,150747927
2022-03-08,California,40129160,3288,8485166,60,89980,344095,151092022
2022-03-09,California,40129160,3015,8488181,60,90040,328207,151420229
2022-03-10,California,40129160,2606,8490787,63,90103,314836,151735065
2022-03-11,California,40129160,2338,8493125,55,90158,265040,152000105
2022-03-12,California,40129160,1529,8494654,43,90201,70334,152070439
2022-03-13,California,40129160,1289,8495943,41,90242,63944,152134383
2022-03-14,California,40129160,2894,8498837,36,90278,361367,152495750
2022-03-15,California,40129160,2624,8501461,37,90315,334082,152829832
2022-03-16,California,40129160,2469,8503930,34,90349,317539,153147371
2022-03-17,California,40129160,2305,8506235,45,90394,296663,153444034
2022-03-18,California,40129160,1993,8508228,35,90429,255333,153699367
2022-03-19,California,40129160,1258,8509486,25,90454,65153,153764520
2022-03-20,California,40129160,1305,8510791,38,90492,58372,153822892
2022-03-21,California,40129160,2690,8513481,39,90531,336306,154159198
2022-03-22,California,40129160,3010,8516491,27,90558,293946,154453144
2022-03-23,California,40129160,2258,8518749,24,90582,284946,154738090
2022-03-24,California,40129160,2290,8521039,19,90601,280100,155018190
2022-03-25,California,40129160,2003,8523042,36,90637,237748,155255938
2022-03-26,California,40129160,1446,8524488,25,90662,65385,155321323
2022-03-27,California,40129160,1567,8526055,24,90686,60801,155382124
2022-03-28,California,40129160,2889,8528944,24,90710,251096,155633220
2022-03-29,California,40129160,2703,8531647,23,90733,316356,155949576
2022-03-30,California,40129160,2641,8534288,21,90754,296434,156246010
2022-03-31,California,40129160,2434,8536722,22,90776,259935,156505945
2022-04-01,California,40129160,2624,8539346,18,90794,244853,156750798
2022-04-02,California,40129160,1722,8541068,20,90814,60534,156811332
2022-04-03,California,40129160,1777,8542845,17,90831,53594,156864926
2022-04-04,California,40129160,3786,8546631,20,90851,303296,157168222
2022-04-05,California,40129160,3349,8549980,25,90876,263391,157431613
2022-04-06,California,40129160,3396,8553376,25,90901,262354,157693967
2022-04-07,California,40129160,3060,8556436,18,90919,257464,157951431
2022-04-08,California,40129160,2958,8559394,17,90936,226753,158178184
2022-04-09,California,40129160,2065,8561459,9,90945,59293,158237477
2022-04-10,California,40129160,2232,8563691,10,90955,54494,158291971
2022-04-11,California,40129160,4450,8568141,21,90976,228887,158520858
2022-04-12,California,40129160,4097,8572238,13,90989,205407,158726265
2022-04-13,California,40129160,4005,8576243,15,91004,190057,158916322
2022-04-14,California,40129160,3741,8579984,17,91021,171901,159088223
2022-04-15,California,40129160,3648,8583632,21,91042,145291,159233514
2022-04-16,California,40129160,2693,8586325,14,91056,59283,159292797
2022-04-17,California,40129160,2394,8588719,15,91071,39251,159332048
2022-04-18,California,40129160,6287,8595006,15,91086,328728,159660776
2022-04-19,California,40129160,5861,8600867,10,91096,300516,159961292
2022-04-20,California,40129160,5644,8606511,15,91111,294460,160255752
2022-04-21,California,40129160,5506,8612017,10,91121,288455,160544207
2022-04-22,California,40129160,5134,8617151,10,91131,257475,160801682
2022-04-23,California,40129160,3611,8620762,12,91143,63337,160865019
2022-04-24,California,40129160,3643,8624405,17,91160,56872,160921891
2022-04-25,California,40129160,7836,8632241,17,91177,370400,161292291
2022-04-26,California,40129160,7532,8639773,9,91186,328930,161621221
2022-04-27,California,40129160,7440,8647213,14,91200,321258,161942479
2022-04-28,California,40129160,6998,8654211,10,91210,308466,162250945
2022-04-29,California,40129160,6529,8660740,15,91225,266655,162517600
2022-04-30,California,40129160,4802,8665542,15,91240,65694,162583294
2022-05-01,California,40129160,5240,8670782,11,91251,57321,162640615
2022-05-02,California,40129160,10395,8681177,11,91262,363202,163003817
2022-05-03,California,40129160,9944,8691121,12,91274,336086,163339903
2022-05-04,California,40129160,9798,8700919,14,91288,331043,163670946
2022-05-05,California,40129160,9381,8710300,6,91294,321750,163992696
2022-05-06,California,40129160,8937,8719237,13,91307,281762,164274458
2022-05-07,California,40129160,6305,8725542,11,91318,71489,164345947
2022-05-08,California,40129160,6097,8731639,18,91336,58508,164404455
2022-05-09,California,40129160,12874,8744513,12,91348,380637,164785092
2022-05-10,California,40129160,12002,8756515,21,91369,344830,165129922
2022-05-11,California,40129160,11944,8768459,12,91381,345443,165475365
2022-05-12,California,40129160,11533,8779992,11,91392,331414,165806779
2022-05-13,California,40129160,11466,8791458,21,91413,297689,166104468
2022-05-14,California,40129160,8042,8799500,17,91430,75178,166179646
2022-05-15,California,40129160,7960,8807460,27,91457,66350,166245996
2022-05-16,California,40129160,17366,8824826,11,91468,389958,166635954
2022-05-17,California,40129160,16226,8841052,15,91483,352275,166988229
2022-05-18,California,40129160,15794,8856846,18,91501,348705,167336934
2022-05-19,California,40129160,14632,8871478,17,91518,335062,167671996
2022-05-20,California,40129160,13974,8885452,18,91536,300424,167972420
2022-05-21,California,40129160,9029,8894481,21,91557,77759,168050179
2022-05-22,California,40129160,8729,8903210,15,91572,69515,168119694
2022-05-23,California,40129160,19461,8922671,13,91585,396781,168516475
2022-05-24,California,40129160,18117,8940788,27,91612,355491,168871966
2022-05-25,California,40129160,17152,8957940,21,91633,343572,169215538
2022-05-26,California,40129160,15517,8973457,13,91646,325233,169540771
2022-05-27,California,40129160,14191,8987648,19,91665,269376,169810147
2022-05-28,California,40129160,8900,8996548,23,91688,71853,169882000
2022-05-29,California,40129160,7905,9004453,28,91716,60266,169942266
2022-05-30,California,40129160,8710,9013163,21,91737,83050,170025316
2022-05-31,California,40129160,23888,9037051,14,91751,455826,170481142
2022-06-01,California,40129160,20718,9057769,19,91770,365034,170846176
2022-06-02,California,40129160,18079,9075848,22,91792,337577,171183753
2022-06-03,California,40129160,16427,9092275,21,91813,298352,171482105
2022-06-04,California,40129160,10651,9102926,19,91832,83110,171565215
2022-06-05,California,40129160,9710,9112636,19,91851,68808,171634023
2022-06-06,California,40129160,21091,9133727,24,91875,341176,171975199
2022-06-07,California,40129160,18883,9152610,20,91895,307861,172283060
2022-06-08,California,40129160,17714,9170324,23,91918,285283,172568343
2022-06-09,California,40129160,15861,9186185,29,91947,251560,172819903
2022-06-10,California,40129160,15394,9201579,31,91978,209838,173029741
2022-06-11,California,40129160,9907,9211486,29,92007,76028,173105769
2022-06-12,California,40129160,8938,9220424,28,92035,63704,173169473
2022-06-13,California,40129160,18564,9238988,18,92053,222111,173391584
2022-06-14,California,40129160,16928,9255916,22,92075,207373,173598957
2022-06-15,California,40129160,16382,9272298,27,92102,181249,173780206
2022-06-16,California,40129160,15318,9287616,34,92136,175767,173955973
2022-06-17,California,40129160,14867,9302483,37,92173,155747,174111720
2022-06-18,California,40129160,10334,9312817,31,92204,73852,174185572
2022-06-19,California,40129160,9344,9322161,30,92234,59133,174244705
2022-06-20,California,40129160,18257,9340418,28,92262,183071,174427776
2022-06-21,California,40129160,19431,9359849,30,92292,212376,174640152
2022-06-22,California,40129160,17836,9377685,39,92331,176906,174817058
2022-06-23,California,40129160,17163,9394848,36,92367,172828,174989886
2022-06-24,California,40129160,16352,9411200,36,92403,150399,175140285
2022-06-25,California,40129160,11621,9422821,21,92424,73485,175213770
2022-06-26,California,40129160,10826,9433647,31,92455,62075,175275845
2022-06-27,California,40129160,22593,9456240,27,92482,206841,175482686
2022-06-28,California,40129160,21078,9477318,30,92512,192346,175675032
2022-06-29,California,40129160,19860,9497178,32,92544,170920,175845952
2022-06-30,California,40129160,18197,9515375,36,92580,167662,176013614
2022-07-01,California,40129160,17985,9533360,37,92617,138184,176151798
2022-07-02,California,40129160,11474,9544834,48,92665,66801,176218599
2022-07-03,California,40129160,9878,9554712,46,92711,51399,176269998
2022-07-04,California,40129160,10067,9564779,43,92754,59229,176329227
2022-07-05,California,40129160,27254,9592033,33,92787,239673,176568900
2022-07-06,California,40129160,23076,9615109,46,92833,185398,176754298
2022-07-07,California,40129160,21203,9636312,36,92869,172883,176927181
2022-07-08,California,40129160,20223,9656535,56,92925,155957,177083138
2022-07-09,California,40129160,13498,9670033,48,92973,74049,177157187
2022-07-10,California,40129160,11672,9681705,41,93014,60568,177217755
2022-07-11,California,40129160,24523,9706228,38,93052,204182,177421937
2022-07-12,California,40129160,22478,9728706,48,93100,189045,177610982
2022-07-13,California,40129160,21239,9749945,35,93135,169533,177780515
2022-07-14,California,40129160,19958,9769903,38,93173,163332,177943847
2022-07-15,California,40129160,18851,9788754,41,93214,145604,178089451
2022-07-16,California,40129160,12908,9801662,41,93255,73094,178162545
2022-07-17,California,40129160,11054,9812716,48,93303,60356,178222901
2022-07-18,California,40129160,23496,9836212,45,93348,201591,178424492
2022-07-19,California,40129160,21199,9857411,53,93401,186483,178610975
2022-07-20,California,40129160,19471,9876882,64,93465,165648,178776623
2022-07-21,California,40129160,17751,9894633,42,93507,156091,178932714
2022-07-22,California,40129160,17174,9911807,49,93556,137848,179070562
2022-07-23,California,40129160,11356,9923163,36,93592,68070,179138632
2022-07-24,California,40129160,9897,9933060,47,93639,56544,179195176
2022-07-25,California,40129160,21332,9954392,69,93708,187838,179383014
2022-07-26,California,40129160,18640,9973032,57,93765,172376,179555390
2022-07-27,California,40129160,16708,9989740,56,93821,153985,179709375
2022-07-28,California,40129160,15078,10004818,54,93875,144486,179853861
2022-07-29,California,40129160,13938,10018756,41,93916,126328,179980189
2022-07-30,California,40129160,9270,10028026,50,93966,61381,180041570
2022-07-31,California,40129160,8225,10036251,52,94018,51801,180093371
2022-08-01,California,40129160,17725,10053976,50,94068,174219,180267590
2022-08-02,California,40129160,15388,10069364,42,94110,159931,180427521
2022-08-03,California,40129160,13806,10083170,53,94163,142217,180569738
2022-08-04,California,40129160,12359,10095529,47,94210,131880,180701618
2022-08-05,California,40129160,11745,10107274,65,94275,120206,180821824
2022-08-06,California,40129160,8016,10115290,42,94317,56015,180877839
2022-08-07,California,40129160,7192,10122482,38,94355,48226,180926065
2022-08-08,California,40129160,14619,10137101,47,94402,168599,181094664
2022-08-09,California,40129160,12366,10149467,46,94448,151699,181246363
2022-08-10,California,40129160,11401,10160868,42,94490,134579,181380942
2022-08-11,California,40129160,10423,10171291,40,94530,133233,181514175
2022-08-12,California,40129160,9728,10181019,54,94584,115062,181629237
2022-08-13,California,40129160,6614,10187633,32,94616,51930,181681167
2022-08-14,California,40129160,6195,10193828,49,94665,46415,181727582
2022-08-15,California,40129160,12062,10205890,35,94700,163985,181891567
2022-08-16,California,40129160,11063,10216953,45,94745,147697,182039264
2022-08-17,California,40129160,9960,10226913,36,94781,129884,182169148
2022-08-18,California,40129160,9093,10236006,40,94821,127623,182296771
2022-08-19,California,40129160,8445,10244451,41,94862,111881,182408652
2022-08-20,California,40129160,6059,10250510,44,94906,51545,182460197
2022-08-21,California,40129160,5455,10255965,37,94943,45801,182505998
2022-08-22,California,40129160,11087,10267052,44,94987,166284,182672282
2022-08-23,California,40129160,9570,10276622,27,95014,148928,182821210
2022-08-24,California,40129160,8521,10285143,33,95047,131014,182952224
2022-08-25,California,40129160,7653,10292796,32,95079,122552,183074776
2022-08-26,California,40129160,7384,10300180,40,95119,111831,183186607
2022-08-27,California,40129160,4835,10305015,23,95142,50424,183237031
2022-08-28,California,40129160,4498,10309513,34,95176,44657,183281688
2022-08-29,California,40129160,9077,10318590,29,95205,160388,183442076
2022-08-30,California,40129160,7721,10326311,39,95244,149119,183591195
2022-08-31,California,40129160,6904,10333215,39,95283,128964,183720159
2022-09-01,California,40129160,6262,10339477,28,95311,120388,183840547
2022-09-02,California,40129160,5487,10344964,38,95349,98092,183938639
2022-09-03,California,40129160,3567,10348531,37,95386,42942,183981581
2022-09-04,California,40129160,3178,10351709,33,95419,38618,184020199
2022-09-05,California,40129160,3337,10355046,32,95451,53485,184073684
2022-09-06,California,40129160,7868,10362914,33,95484,180467,184254151
2022-09-07,California,40129160,6014,10368928,34,95518,126957,184381108
2022-09-08,California,40129160,5341,10374269,30,95548,118723,184499831
2022-09-09,California,40129160,4889,10379158,37,95585,101068,184600899
2022-09-10,California,40129160,3285,10382443,30,95615,44738,184645637
2022-09-11,California,40129160,3065,10385508,25,95640,40772,184686409
2022-09-12,California,40129160,5747,10391255,34,95674,144079,184830488
2022-09-13,California,40129160,5025,10396280,26,95700,136513,184967001
2022-09-14,California,40129160,4458,10400738,22,95722,117042,185084043
2022-09-15,California,40129160,4089,10404827,30,95752,116154,185200197
2022-09-16,California,40129160,3836,10408663,22,95774,96733,185296930
2022-09-17,California,40129160,2793,10411456,23,95797,46026,185342956
2022-09-18,California,40129160,2518,10413974,31,95828,41419,185384375
2022-09-19,California,40129160,4878,10418852,26,95854,138255,185522630
2022-09-20,California,40129160,4327,10423179,21,95875,129681,185652311
2022-09-21,California,40129160,3905,10427084,23,95898,110340,185762651
2022-09-22,California,40129160,3744,10430828,23,95921,106953,185869604
2022-09-23,California,40129160,3517,10434345,29,95950,90943,185960547
2022-09-24,California,40129160,2598,10436943,19,95969,40124,186000671
2022-09-25,California,40129160,2411,10439354,31,96000,36809,186037480
2022-09-26,California,40129160,4791,10444145,22,96022,128618,186166098
2022-09-27,California,40129160,4086,10448231,25,96047,121046,186287144
2022-09-28,California,40129160,3957,10452188,24,96071,101872,186389016
2022-09-29,California,40129160,3447,10455635,25,96096,96485,186485501
2022-09-30,California,40129160,3228,10458863,16,96112,83472,186568973
2022-10-01,California,40129160,2437,10461300,23,96135,37048,186606021
2022-10-02,California,40129160,2077,10463377,20,96155,34058,186640079
2022-10-03,California,40129160,4062,10467439,15,96170,115394,186755473
2022-10-04,California,40129160,3526,10470965,23,96193,105046,186860519
2022-10-05,California,40129160,3196,10474161,19,96212,87665,186948184
2022-10-06,California,40129160,2890,10477051,19,96231,86995,187035179
2022-10-07,California,40129160,2802,10479853,22,96253,77032,187112211
2022-10-08,California,40129160,2077,10481930,18,96271,36884,187149095
2022-10-09,California,40129160,1879,10483809,17,96288,34630,187183725
2022-10-10,California,40129160,3481,10487290,18,96306,101105,187284830
2022-10-11,California,40129160,3151,10490441,16,96322,103345,187388175
2022-10-12,California,40129160,2981,10493422,20,96342,88342,187476517
2022-10-13,California,40129160,2738,10496160,20,96362,83574,187560091
2022-10-14,California,40129160,2584,10498744,22,96384,74348,187634439
2022-10-15,California,40129160,1887,10500631,14,96398,36004,187670443
2022-10-16,California,40129160,1736,10502367,12,96410,33829,187704272
2022-10-17,California,40129160,3526,10505893,13,96423,105995,187810267
2022-10-18,California,40129160,3130,10509023,18,96441,98234,187908501
2022-10-19,California,40129160,2890,10511913,17,96458,87701,187996202
2022-10-20,California,40129160,2813,10514726,15,96473,79837,188076039
2022-10-21,California,40129160,2542,10517268,19,96492,74065,188150104
2022-10-22,California,40129160,1826,10519094,18,96510,35910,188186014
2022-10-23,California,40129160,1772,10520866,17,96527,33436,188219450
2022-10-24,California,40129160,3499,10524365,16,96543,106396,188325846
2022-10-25,California,40129160,3192,10527557,23,96566,102374,188428220
2022-10-26,California,40129160,3080,10530637,8,96574,87095,188515315
2022-10-27,California,40129160,3037,10533674,23,96597,80978,188596293
2022-10-28,California,40129160,2938,10536612,18,96615,76089,188672382
2022-10-29,California,40129160,2141,10538753,16,96631,38506,188710888
2022-10-30,California,40129160,2113,10540866,9,96640,36156,188747044
2022-10-31,California,40129160,4089,10544955,16,96656,103303,188850347
2022-11-01,California,40129160,4275,10549230,16,96672,102741,188953088
2022-11-02,California,40129160,3947,10553177,16,96688,90226,189043314
2022-11-03,California,40129160,3780,10556957,24,96712,83567,189126881
2022-11-04,California,40129160,3660,10560617,25,96737,80291,189207172
2022-11-05,California,40129160,2747,10563364,14,96751,40961,189248133
2022-11-06,California,40129160,2852,10566216,21,96772,38926,189287059
2022-11-07,California,40129160,5463,10571679,18,96790,112251,189399310
2022-11-08,California,40129160,4544,10576223,13,96803,99390,189498700
2022-11-09,California,40129160,4648,10580871,19,96822,92143,189590843
2022-11-10,California,40129160,4502,10585373,20,96842,88878,189679721
2022-11-11,California,40129160,3938,10589311,17,96859,67527,189747248
2022-11-12,California,40129160,3141,10592452,11,96870,42948,189790196
2022-11-13,California,40129160,3224,10595676,14,96884,40068,189830264
2022-11-14,California,40129160,6640,10602316,20,96904,119540,189949804
2022-11-15,California,40129160,6062,10608378,26,96930,110304,190060108
2022-11-16,California,40129160,5779,10614157,24,96954,97241,190157349
2022-11-17,California,40129160,5845,10620002,17,96971,92366,190249715
2022-11-18,California,40129160,5816,10625818,21,96992,84811,190334526
2022-11-19,California,40129160,4082,10629900,28,97020,44608,190379134
2022-11-20,California,40129160,4119,10634019,18,97038,39665,190418799
2022-11-21,California,40129160,8269,10642288,17,97055,104921,190523720
2022-11-22,California,40129160,7679,10649967,22,97077,96305,190620025
2022-11-23,California,40129160,7449,10657416,34,97111,84966,190704991
2022-11-24,California,40129160,3224,10660640,18,97129,25644,190730635
2022-11-25,California,40129160,7486,10668126,30,97159,61762,190792397
2022-11-26,California,40129160,6698,10674824,27,97186,50044,190842441
2022-11-27,California,40129160,7053,10681877,38,97224,47176,190889617
2022-11-28,California,40129160,14433,10696310,30,97254,146935,191036552
2022-11-29,California,40129160,12003,10708313,31,97285,125179,191161731
2022-11-30,California,40129160,10907,10719220,30,97315,107583,191269314
2022-12-01,California,40129160,10105,10729325,24,97339,101092,191370406
2022-12-02,California,40129160,8897,10738222,33,97372,90789,191461195
2022-12-03,California,40129160,6168,10744390,39,97411,46997,191508192
2022-12-04,California,40129160,5813,10750203,44,97455,42550,191550742
2022-12-05,California,40129160,11724,10761927,39,97494,134677,191685419
2022-12-06,California,40129160,10058,10771985,49,97543,117637,191803056
2022-12-07,California,40129160,9130,10781115,48,97591,100428,191903484
2022-12-08,California,40129160,8460,10789575,47,97638,97420,192000904
2022-12-09,California,40129160,8032,10797607,41,97679,85114,192086018
2022-12-10,California,40129160,5448,10803055,54,97733,44946,192130964
2022-12-11,California,40129160,4841,10807896,53,97786,39699,192170663
2022-12-12,California,40129160,10373,10818269,52,97838,125858,192296521
2022-12-13,California,40129160,8930,10827199,43,97881,112529,192409050
2022-12-14,California,40129160,8224,10835423,49,97930,94093,192503143
2022-12-15,California,40129160,7582,10843005,31,97961,91205,192594348
2022-12-16,California,40129160,6963,10849968,45,98006,80737,192675085
2022-12-17,California,40129160,4979,10854947,47,98053,41192,192716277
2022-12-18,California,40129160,4487,10859434,53,98106,38059,192754336
2022-12-19,California,40129160,9409,10868843,49,98155,107851,192862187
2022-12-20,California,40129160,8635,10877478,57,98212,94848,192957035
2022-12-21,California,40129160,8034,10885512,64,98276,79156,193036191
2022-12-22,California,40129160,7622,10893134,44,98320,76068,193112259
2022-12-23,California,40129160,6815,10899949,63,98383,60234,193172493
2022-12-24,California,40129160,4003,10903952,53,98436,28419,193200912
2022-12-25,California,40129160,2843,10906795,62,98498,19917,193220829
2022-12-26,California,40129160,7202,10913997,54,98552,58688,193279517
2022-12-27,California,40129160,9798,10923795,58,98610,97745,193377262
2022-12-28,California,40129160,8683,10932478,49,98659,76533,193453795
2022-12-29,California,40129160,7623,10940101,48,98707,71321,193525116
2022-12-30,California,40129160,6716,10946817,63,98770,61157,193586273
2022-12-31,California,40129160,3784,10950601,39,98809,30512,193616785
2023-01-01,California,40129160,2755,10953356,43,98852,21631,193638416
2023-01-02,California,40129160,5553,10958909,40,98892,61583,193699999
2023-01-03,California,40129160,7358,10966267,47,98939,107087,193807086
2023-01-04,California,40129160,5789,10972056,51,98990,80820,193887906
2023-01-05,California,40129160,4932,10976988,53,99043,71589,193959495
2023-01-06,California,40129160,4905,10981893,59,99102,71775,194031270
2023-01-07,California,40129160,3165,10985058,35,99137,38220,194069490
2023-01-08,California,40129160,2678,10987736,29,99166,34354,194103844
2023-01-09,California,40129160,4765,10992501,45,99211,97482,194201326
2023-01-10,California,40129160,3763,10996264,48,99259,85613,194286939
2023-01-11,California,40129160,3730,10999994,32,99291,78375,194365314
2023-01-12,California,40129160,3254,11003248,54,99345,70934,194436248
2023-01-13,California,40129160,3023,11006271,44,99389,61745,194497993
2023-01-14,California,40129160,1958,11008229,40,99429,29830,194527823
2023-01-15,California,40129160,1851,11010080,39,99468,28108,194555931
2023-01-16,California,40129160,2692,11012772,39,99507,57785,194613716
2023-01-17,California,40129160,3503,11016275,32,99539,99683,194713399
2023-01-18,California,40129160,2987,11019262,35,99574,77425,194790824
2023-01-19,California,40129160,2724,11021986,27,99601,71292,194862116
2023-01-20,California,40129160,2521,11024507,36,99637,62056,194924172
2023-01-21,California,40129160,1753,11026260,30,99667,29952,194954124
2023-01-22,California,40129160,1725,11027985,24,99691,28060,194982184
2023-01-23,California,40129160,3210,11031195,33,99724,86512,195068696
2023-01-24,California,40129160,3165,11034360,36,99760,82136,195150832
2023-01-25,California,40129160,3031,11037391,27,99787,72373,195223205
2023-01-26,California,40129160,2756,11040147,31,99818,65675,195288880
2023-01-27,California,40129160,2826,11042973,25,99843,57799,195346679
2023-01-28,California,40129160,1975,11044948,25,99868,30543,195377222
2023-01-29,California,40129160,1874,11046822,20,99888,28438,195405660
2023-01-30,California,40129160,3646,11050468,20,99908,85545,195491205
2023-01-31,California,40129160,3407,11053875,31,99939,78503,195569708
2023-02-01,California,40129160,3271,11057146,18,99957,68182,195637890
2023-02-02,California,40129160,3070,11060216,19,99976,64728,195702618
2023-02-03,California,40129160,2912,11063128,13,99989,57547,195760165
2023-02-04,California,40129160,2122,11065250,19,100008,29618,195789783
2023-02-05,California,40129160,2113,11067363,20,100028,27836,195817619
2023-02-06,California,40129160,4141,11071504,23,100051,82346,195899965
2023-02-07,California,40129160,3498,11075002,12,100063,72795,195972760
2023-02-08,California,40129160,3424,11078426,14,100077,65629,196038389
2023-02-09,California,40129160,3131,11081557,12,100089,61836,196100225
2023-02-10,California,40129160,3033,11084590,14,100103,57100,196157325
2023-02-11,California,40129160,2122,11086712,12,100115,27208,196184533
2023-02-12,California,40129160,1980,11088692,8,100123,25935,196210468
2023-02-13,California,40129160,3720,11092412,8,100131,76409,196286877
2023-02-14,California,40129160,3229,11095641,17,100148,67419,196354296
2023-02-15,California,40129160,3131,11098772,9,100157,63215,196417511
2023-02-16,California,40129160,3022,11101794,13,100170,58932,196476443
2023-02-17,California,40129160,2783,11104577,4,100174,50540,196526983
2023-02-18,California,40129160,1889,11106466,8,100182,26221,196553204
2023-02-19,California,40129160,1901,11108367,8,100190,25520,196578724
2023-02-20,California,40129160,2805,11111172,6,100196,50973,196629697
2023-02-21,California,40129160,3791,11114963,6,100202,75341,196705038
2023-02-22,California,40129160,3084,11118047,4,100206,59023,196764061
2023-02-23,California,40129160,2822,11120869,3,100209,56328,196820389
2023-02-24,California,40129160,2323,11123192,0,100209,44377,196864766
2023-02-25,California,40129160,1404,11124596,1,100210,20284,196885050
2023-02-26,California,40129160,1088,11125684,5,100215,13705,196898755
2023-02-27,California,40129160,930,11126614,0,100215,13383,196912138
2023-02-28,California,40129160,0,11126614,0,100215,0,196912138
